nsnps	hit1	hit2	PP.H0.abf	PP.H1.abf	PP.H2.abf	PP.H3.abf	PP.H4.abf	idx1	idx2	gene
552	rs10044368	rs12522670	3.10482113186566e-16	0.0267630278027695	2.37169133840236e-15	0.202895058308225	0.770341913889	1	1	ATOX1
588	rs12740374	rs12740374	0	1.20390490314633e-05	0	0.00505369768438443	0.994934263266563	1	1	CELSR2
588	rs62623708	rs12740374	9.45131579715276e-54	0.00170628314039478	5.52958696517962e-51	0.998278008862279	1.57079973283536e-05	3	1	CELSR2
588	rs149528142	rs12740374	1.00765560178967e-15	0.00170627551795181	5.89539001831353e-13	0.998273540323344	2.01841581147563e-05	5	1	CELSR2
588	rs586254	rs12740374	9.39962610369597e-212	0.00165973379563099	5.49934539233318e-209	0.970989177740248	0.0273510884641244	2	1	CELSR2
588	rs626387	rs12740374	1.30506832080697e-25	0.00170628246808873	7.63543291779233e-23	0.998277614733279	1.6102798634503e-05	9	1	CELSR2
588	rs3902354	rs12740374	9.56837302864762e-76	0.00165694626993875	5.59807247083259e-73	0.969355034053496	0.0289880196765576	4	1	CELSR2
588	rs2281895	rs12740374	0.000109982034792851	0.00159484027075726	0.0643460909620316	0.933075526138425	0.000873560593992502	8	1	CELSR2
588	rs78852738	rs12740374	0.000592954594179975	0.00110684950301491	0.346914023961478	0.64756574635175	0.00382042558957746	7	1	CELSR2
588	rs35558471	rs12740374	2.00959700373419e-06	0.00170425584769654	0.00117573485381371	0.997091900182114	2.60995193717653e-05	6	1	CELSR2
878	rs56393506	rs10455872	0	2.47262752765222e-41	0	1	4.68649790141181e-24	1	1	LPA
878	rs140570886	rs10455872	0	2.47262752765194e-41	5.76434948234149e-302	1	1.15720453644155e-43	2	1	LPA
878	rs6938647	rs10455872	0	2.47262752765194e-41	0	1	1.57742069277379e-41	3	1	LPA
878	rs41272114	rs10455872	0	2.47262752765194e-41	5.22901666944096e-297	1	2.35386776892628e-43	4	1	LPA
878	rs147555597	rs10455872	1.01592136173861e-166	2.4726275276518e-41	4.10867124294841e-126	1	8.51441971972256e-44	5	1	LPA
878	rs41267809	rs10455872	2.5896610833683e-160	2.4726275276518e-41	1.04733165606528e-119	1	8.6107097657587e-44	6	1	LPA
878	rs117174672	rs10455872	6.64683799857846e-149	2.47262752765187e-41	2.68816792025714e-108	1	3.46940299836599e-43	7	1	LPA
878	rs41272078	rs10455872	1.21422916261693e-152	2.4726275276518e-41	4.91068367167291e-112	1	8.69864425609718e-44	8	1	LPA
878	rs41269876	rs10455872	1.8421059439788e-140	2.47262752765187e-41	7.44999367425211e-100	1	5.96122675031054e-43	9	1	LPA
878	rs41259144	rs10455872	4.02682955546553e-116	2.47262752765187e-41	1.62856293980097e-75	1	5.08983641465029e-27	10	1	LPA
878	rs56393506	rs147555597	0	0.0927140209589212	0	0.906379606294425	0.000906372746771847	1	4	LPA
878	rs140570886	rs147555597	5.33880754458214e-303	0.0926176936519384	5.21927094541901e-302	0.905435820808802	0.00194648553928659	2	4	LPA
878	rs6938647	rs147555597	0	0.0926214618696496	0	0.905472740653156	0.00190579747718771	3	4	LPA
878	rs41272114	rs147555597	4.84739053197574e-298	0.092701760931544	4.73885682399521e-297	0.906259486296487	0.00103875277195165	4	4	LPA
878	rs147555597	rs147555597	1.01565759218682e-129	0.000247198554503455	9.92916885864218e-129	0.000417967798086059	0.999334833647382	5	4	LPA
878	rs41267809	rs147555597	9.70766698617424e-121	0.0926895213178644	9.49031105272931e-120	0.906139566306209	0.0011709123759286	6	4	LPA
878	rs117174672	rs147555597	2.49068630013243e-109	0.0926536724645603	2.43491950812626e-108	0.905788330208335	0.00155799732709036	7	4	LPA
878	rs41272078	rs147555597	4.55195654589985e-113	0.0926949657164313	4.45003764350611e-112	0.906192908857778	0.00111212542576391	8	4	LPA
878	rs41269876	rs147555597	6.89644088764028e-101	0.0925697549445583	6.74202867421002e-100	0.904966132019387	0.002464113036046	9	4	LPA
878	rs41259144	rs147555597	1.50990647296788e-76	0.0927140386206016	1.47609946956392e-75	0.906379779338032	0.000906182041363256	10	4	LPA
878	rs56393506	rs3798220	0	8.97635811636626e-13	0	0.999999999999091	5.50115934002156e-15	1	2	LPA
878	rs140570886	rs3798220	1.11253696612083e-308	1.27914629042072e-14	8.21429600003954e-304	0.0122747194280325	0.987725280571926	2	2	LPA
878	rs6938647	rs3798220	0	8.97635811636729e-13	0	0.999999999999091	1.65245107274097e-14	3	2	LPA
878	rs41272114	rs3798220	1.34722456036038e-308	8.97635811636729e-13	5.2290166694368e-297	0.999999999999091	6.64284490205189e-15	4	2	LPA
878	rs147555597	rs3798220	3.68809044591228e-138	8.97635811636626e-13	4.10867124294491e-126	0.999999999999091	5.28237026291762e-15	5	2	LPA
878	rs41267809	rs3798220	9.40122401144941e-132	8.97635811636626e-13	1.04733165606439e-119	0.999999999999091	6.43181329969942e-15	6	2	LPA
878	rs117174672	rs3798220	2.41299579291563e-120	8.97635811636652e-13	2.68816792025477e-108	0.999999999999091	9.60455709105772e-15	7	2	LPA
878	rs41272078	rs3798220	4.40800552331309e-124	8.97635811636626e-13	4.91068367166872e-112	0.999999999999091	6.40802679832812e-15	8	2	LPA
878	rs41269876	rs3798220	6.68738111847541e-112	8.97635811636678e-13	7.44999367424555e-100	0.999999999999091	7.10020787129543e-15	9	2	LPA
878	rs41259144	rs3798220	1.46185641626962e-87	8.97635811636652e-13	1.62856293979954e-75	0.999999999999091	5.1779886556606e-15	10	2	LPA
824	rs73015965	rs2315065	0	9.90402878889085e-25	0	1	5.68710421476597e-26	1	1	PLG
824	rs11751347	rs2315065	4.26399984497275e-288	9.90402878889198e-25	4.30531850811621e-264	1	5.80779806036005e-24	2	1	PLG
824	rs4252129	rs2315065	0	9.90402878889198e-25	0	1	6.23531654427589e-26	3	1	PLG
824	rs537579467	rs2315065	2.17615926662922e-246	9.90402878889141e-25	2.19724650747196e-222	1	6.45241589328453e-27	4	1	PLG
824	rs149145958	rs2315065	3.19468041179151e-74	9.90402878889085e-25	3.22563724307317e-50	1	4.39177398151005e-27	6	1	PLG
824	rs181548067	rs2315065	4.82412825015336e-67	9.90402878889071e-25	4.87087462383438e-43	1	6.00262089671071e-26	7	1	PLG
824	rs1830525	rs2315065	7.6688211802771e-50	9.90402878889064e-25	7.74313296512134e-26	1	2.02953616898789e-24	8	1	PLG
824	rs4252170	rs2315065	7.4949470519105e-56	9.90402878889071e-25	7.56757397587286e-32	1	6.14572318264624e-27	10	1	PLG
824	rs1652499	rs2315065	4.94295182356846e-56	9.90402878889071e-25	4.99084961173875e-32	1	1.09049395635e-24	5	1	PLG
824	rs4252185	rs2315065	8.09956866077428e-58	2.13955341296245e-26	8.17805443968358e-34	0.0196421436748587	0.980357856325143	9	1	PLG
824	rs73015965	rs186696265	0	9.41254112230039e-10	0	0.999999999019678	3.90516414451706e-11	1	2	PLG
824	rs11751347	rs186696265	4.05239874954862e-273	9.41254112073165e-10	4.30531850317807e-264	0.999999998852672	2.06016724844393e-10	2	2	PLG
824	rs4252129	rs186696265	0	9.41254112230573e-10	0	0.999999999020247	3.84975328255215e-11	3	2	PLG
824	rs537579467	rs186696265	2.06816731080856e-231	9.41254112260803e-10	2.19724650539002e-222	0.999999999052534	6.26824325381473e-12	4	2	PLG
824	rs149145958	rs186696265	3.03614431970448e-59	9.41254112260884e-10	3.22563724001717e-50	0.999999999052591	6.1571487882756e-12	6	2	PLG
824	rs181548067	rs186696265	4.58473076979629e-52	9.41254112220836e-10	4.87087461901256e-43	0.999999999009958	4.87816628427888e-11	7	2	PLG
824	rs1830525	rs186696265	7.28825574405512e-35	9.4125411211259e-10	7.74313295656567e-26	0.999999998894722	1.64020035292752e-10	8	2	PLG
824	rs4252170	rs186696265	7.12301012417114e-41	9.41254112200411e-10	7.56757396821718e-32	0.999999998988216	7.0532179581882e-11	10	2	PLG
824	rs1652499	rs186696265	4.69765772072413e-41	9.41254112260763e-10	4.9908496070098e-32	0.999999999052463	6.28640813040472e-12	5	2	PLG
824	rs4252185	rs186696265	3.56324467681099e-41	9.41254112260643e-10	3.7856351722876e-32	0.999999999052335	6.41163592915812e-12	9	2	PLG
824	rs73015965	rs191108153	0	0.00475487005201167	0	0.995020666773498	0.000224463174459516	1	3	PLG
824	rs11751347	rs191108153	2.04590994678952e-266	0.00475205247401067	4.28134433876843e-264	0.994429863079716	0.000818084446234938	2	3	PLG
824	rs4252129	rs191108153	0	0.00475460852027827	0	0.994965827505876	0.00027956397383969	3	3	PLG
824	rs537579467	rs191108153	1.04494909702841e-224	0.00475572082365366	2.18669785925041e-222	0.995199060780218	4.52183960928475e-05	4	3	PLG
824	rs149145958	rs191108153	1.53402370121005e-52	0.00475572293352039	3.21015287061807e-50	0.995199503187514	4.4773878967117e-05	6	3	PLG
824	rs181548067	rs191108153	2.31584583068917e-45	0.00475447637136284	4.84622182527659e-43	0.994938117867571	0.000307405761069107	7	3	PLG
824	rs1830525	rs191108153	3.67878797177123e-28	0.00475103293246047	7.69836330342301e-26	0.994216080563864	0.0010328865036768	8	3	PLG
824	rs4252170	rs191108153	3.59773942050208e-34	0.00475415163693476	7.52875820585454e-32	0.994870025946234	0.000375822416829879	10	3	PLG
824	rs1652499	rs191108153	2.37350112310927e-34	0.00475570555667851	4.96687335257875e-32	0.995195859525329	4.84349179855173e-05	5	3	PLG
824	rs4252185	rs191108153	1.80034686995187e-34	0.00475573262163513	3.76747026015661e-32	0.995201534639313	4.27327390548429e-05	9	3	PLG
