nsnps	hit1	hit2	PP.H0.abf	PP.H1.abf	PP.H2.abf	PP.H3.abf	PP.H4.abf	idx1	idx2	gene
1232	rs56393506	rs10455872	0	1.34431987835848e-32	0	1	2.64564015342919e-14	1	1	LPA
1232	rs140570886	rs10455872	0	1.34431987835832e-32	8.12558426501806e-302	1	5.16859470980919e-35	2	1	LPA
1232	rs6938647	rs10455872	0	1.34431987835832e-32	0	1	4.63102723299629e-33	3	1	LPA
1232	rs41272114	rs10455872	0	1.34431987835832e-32	3.36764679782786e-297	1	1.88562730285869e-34	4	1	LPA
1232	rs147555597	rs10455872	6.24687473047244e-158	1.34431987835817e-32	4.64686629353532e-126	1	1.66866078093576e-34	5	1	LPA
1232	rs41267809	rs10455872	1.16821495642332e-151	1.34431987835817e-32	8.69000730577613e-120	1	1.13732433637823e-34	6	1	LPA
1232	rs117174672	rs10455872	3.55185225698645e-140	1.34431987835821e-32	2.6421183783462e-108	1	5.5216368868824e-35	7	1	LPA
1232	rs41272078	rs10455872	4.75824577333426e-144	1.34431987835817e-32	3.539519016222e-112	1	5.30960395103047e-35	8	1	LPA
1232	rs41259144	rs10455872	1.94382294306475e-107	1.34431987835828e-32	1.4459526890569e-75	1	3.65049016016078e-27	10	1	LPA
1232	rs41270992	rs10455872	1.54985785074623e-132	1.34431987835825e-32	1.15289364956724e-100	1	3.77438916031453e-34	9	1	LPA
1232	rs56393506	rs140570886	0	3.88835500667047e-09	0	0.999999996073711	3.77063998164315e-11	1	2	LPA
1232	rs140570886	rs140570886	1.11257548346608e-308	9.48958529583817e-12	1.98306030510023e-304	0.000441396903855096	0.999558603086605	2	2	LPA
1232	rs6938647	rs140570886	0	3.88835500652017e-09	0	0.99999999603483	7.68133149660616e-11	3	2	LPA
1232	rs41272114	rs140570886	1.30946062870154e-305	3.88835500666605e-09	3.3676467846013e-297	0.999999996072347	3.93215548657733e-11	4	2	LPA
1232	rs147555597	rs140570886	1.80686658162167e-134	3.88835500633031e-09	4.64686627488387e-126	0.999999995986002	1.25626238373444e-10	5	2	LPA
1232	rs41267809	rs140570886	3.3789833415552e-128	3.88835500668572e-09	8.69000727169073e-120	0.999999996077577	3.40453856718487e-11	6	2	LPA
1232	rs117174672	rs140570886	1.02734942246836e-116	3.88835500667986e-09	2.64211836797879e-108	0.999999996076042	3.55775561988592e-11	7	2	LPA
1232	rs41272078	rs140570886	1.37629064879079e-120	3.8883550066634e-09	3.53951900231839e-112	0.999999996071836	3.97949582454198e-11	8	2	LPA
1232	rs41259144	rs140570886	5.62237737774803e-84	3.88835500656338e-09	1.44595268333977e-75	0.999999996045972	6.56678319033906e-11	10	2	LPA
1232	rs41270992	rs140570886	4.48285979431808e-109	3.8883550065531e-09	1.15289364500579e-100	0.999999996043329	6.83301803440176e-11	9	2	LPA
1269	rs73015965	rs374071816	0	1.06854846652403e-11	0	0.9999999999892	1.37986064945461e-13	1	1	PLG
1269	rs11751347	rs374071816	1.11253692925425e-308	1.06854846652208e-11	1.17354934394569e-308	0.999999999987381	1.9453437361071e-12	2	1	PLG
1269	rs4252129	rs374071816	0	1.06854846652391e-11	0	0.999999999989086	2.70874687487025e-13	3	1	PLG
1269	rs537579467	rs374071816	1.62933556532329e-249	1.06854846652403e-11	1.52481203834027e-238	0.9999999999892	8.57031662123362e-14	4	1	PLG
1269	rs149145958	rs374071816	4.08129848145018e-63	1.06854846652394e-11	3.81947904963342e-52	0.9999999999892	1.10609568251913e-13	6	1	PLG
1269	rs147175166	rs374071816	2.10252790844879e-52	1.06854846652397e-11	1.96764861332472e-41	0.999999999989242	7.91527010973111e-14	7	1	PLG
1269	rs1830525	rs374071816	3.08526383960879e-38	1.06854846652393e-11	2.88734103901908e-27	0.9999999999892	1.0910677051074e-13	8	1	PLG
1269	rs4252185	rs374071816	1.46068164354632e-58	6.61518997744337e-12	1.36697743648657e-47	0.618318520982298	0.381681479011099	9	1	PLG
1269	rs4252170	rs374071816	3.26023635631093e-34	1.06854846652399e-11	3.05108889153292e-23	0.999999999989242	7.68898687026175e-14	10	1	PLG
1269	rs6690	rs374071816	7.12850882418425e-45	1.06854846652398e-11	6.67120776214934e-34	0.999999999989242	6.6716810817406e-14	5	1	PLG
1269	rs73015965	rs186696265	0	5.34779746261369e-05	0	0.999945822719669	6.99305672553945e-07	1	2	PLG
1269	rs11751347	rs186696265	1.11254019206828e-308	5.34778814329503e-05	1.17354593222781e-308	0.999944076675666	2.44544287410475e-06	2	2	PLG
1269	rs4252129	rs186696265	0	5.34779483646317e-05	0	0.999945330690715	1.19136087526667e-06	3	2	PLG
1269	rs537579467	rs186696265	8.15438799877118e-243	5.34779880644169e-05	1.52472981346366e-238	0.999946074495915	4.47516016775081e-07	4	2	PLG
1269	rs149145958	rs186696265	2.04258005664789e-56	5.34779751396167e-05	3.81927216270136e-52	0.99994583234018	6.89684670481762e-07	6	2	PLG
1269	rs147175166	rs186696265	1.05225886062592e-45	5.34779865413364e-05	1.96754245262722e-41	0.999946045959955	4.76053498945132e-07	7	2	PLG
1269	rs1830525	rs186696265	1.54408966358327e-31	5.34779107386342e-05	2.88718116562669e-27	0.99994462573966	1.89634960473153e-06	8	2	PLG
1269	rs4252185	rs186696265	1.18083258081496e-51	5.34779901435653e-05	2.2079531179398e-47	0.999946113450415	4.08559443837056e-07	9	2	PLG
1269	rs4252170	rs186696265	1.63166094532608e-27	5.34779878041758e-05	3.05092434794351e-23	0.999946069620185	4.52392012310178e-07	10	2	PLG
1269	rs6690	rs186696265	3.56762762661324e-38	5.34779871017754e-05	6.67084789987116e-34	0.999946056460202	4.65552703650533e-07	5	2	PLG
1269	rs73015965	rs56393506	0	0.001716730474168	0	0.998253626091141	2.96434347154295e-05	1	4	PLG
1269	rs11751347	rs56393506	1.11264164231613e-308	0.00171625829038875	1.17342604501984e-308	0.997978506940516	0.000305234769060354	2	4	PLG
1269	rs4252129	rs56393506	0	0.00171667638719638	0	0.998222112171442	6.12114413869137e-05	3	4	PLG
1269	rs537579467	rs56393506	2.61772107083387e-241	0.00171675000261359	1.52216655181023e-238	0.998265004392533	1.82456048588657e-05	4	4	PLG
1269	rs149145958	rs56393506	6.55704946691755e-55	0.0017167392153849	3.81282845155369e-52	0.998258719184816	2.45415997952044e-05	6	4	PLG
1269	rs147175166	rs56393506	3.37796110564035e-44	0.0017167501772058	1.96423502320807e-41	0.998265106119274	1.81437035236439e-05	7	4	PLG
1269	rs1830525	rs56393506	4.95674509626344e-30	0.00171671618600823	2.88227484411778e-27	0.998245301056463	3.79827575234701e-05	8	4	PLG
1269	rs4252185	rs56393506	3.77740314034702e-50	0.00171072454461185	2.19650472963017e-47	0.994754255060773	0.00353502039461396	9	4	PLG
1269	rs4252170	rs56393506	5.23797067378033e-26	0.00171675452926328	3.04580340809628e-23	0.998267641857283	1.56036134502887e-05	10	4	PLG
1269	rs6690	rs56393506	1.14528380569406e-36	0.00171675631537033	6.65965797800641e-34	0.998268682537375	1.45611472559496e-05	5	4	PLG
1269	rs73015965	rs7758766	0	0.293883171160419	0	0.69979111303653	0.00632571580307573	1	3	PLG
1269	rs11751347	rs7758766	1.12990129007652e-308	0.284603730410112	1.15388548631279e-308	0.677631741954022	0.0377645276358738	2	3	PLG
1269	rs4252129	rs7758766	0	0.293991354165252	0	0.700049454828202	0.00595919100658027	3	3	PLG
1269	rs537579467	rs7758766	4.49208610097246e-239	0.294599333424335	1.06966953955319e-238	0.701501313660508	0.0038993529151891	4	3	PLG
1269	rs149145958	rs7758766	1.12470209161299e-52	0.294464788780236	2.67817566588871e-52	0.701180020085275	0.00435519113449129	6	3	PLG
1269	rs147175166	rs7758766	5.79547415853687e-42	0.294538065345004	1.38003636513385e-41	0.701355005047624	0.00410692960736847	7	3	PLG
1269	rs1830525	rs7758766	8.38861227075511e-28	0.290530704800785	1.99752249254662e-27	0.69178539931917	0.0176838958800455	8	3	PLG
1269	rs4252185	rs7758766	6.50634846291603e-48	0.294661956845981	1.5493119695531e-47	0.701650858840747	0.0036871843132741	9	3	PLG
1269	rs4252170	rs7758766	8.98959478508611e-24	0.294635623692791	2.14063032150048e-23	0.701587975082005	0.00377640122520399	10	3	PLG
1269	rs6690	rs7758766	1.96588631259248e-34	0.294682219871078	4.6812297439032e-34	0.70169924709004	0.00361853303888747	5	3	PLG
